74124593
96836690
115402522
102681395
91525833
115216420
86191781
83962898
59232404
94205357
78548735
82281898
73625193
96896599
87123113
65935737
67870251
92550639
92490813
76332055
75190927
74799048
85506928
66274733
84908383
115043409
102345362
99165019
75198258
74804123
77964779
74572132
64014997
88833451
84573262
85044472
117272186
101579078
95152162
75691779
117189032
87986212
82861514
77374725
68452184
74836254
91820674
76268318
76816103
114568130
76252676
66562249
93850240
64373207
66502295
64848668
64374641
115329320
81695007
97149738
74576465
74838160
77526080
115235656
73102808
92176535
86666944
66901139
63209942
59233542
84051855
101413708
64012170
76332055
75190927
74799048
85506928
66274733
84908383
115043409
102345362
99165019
75198258
74804123
77964779
74572132
64014997
88833451
84573262
85044472
117272186
101579078
95152162
75691779
117189032
87986212
82861514
77374725
68452184
74836254
91820674
76268318
76816103
114568130
76252676
66562249
93850240
64373207
66502295
64848668
64374641
115329320
81695007
97149738
74576465
74838160
77526080
115235656
73102808
92176535
86666944
66901139
63209942
59233542
84051855
101413708
64012170
75742162
94811909
64387018
115364442
116855765
88400485
74761971
74760548
65418549
83558571
91866328
66846652
79851980
79297268
115118132
116854723
115861334
